7.000000000000000000e+00
-2.369999999999999929e+01
-1.119999999999999929e+01
-1.380000000000000071e+01
1.180000000000000071e+01
8.800000000000000711e+00
1.960000000000000142e+01
-2.069999999999999929e+01
-3.899999999999999911e+00
-2.350000000000000000e+01
-1.409999999999999964e+01
2.999999999999999889e-01
-2.369999999999999929e+01
-1.509999999999999964e+01
7.500000000000000000e+00
2.200000000000000178e+00
-1.400000000000000000e+01
4.500000000000000000e+00
1.550000000000000000e+01
-2.469999999999999929e+01
1.530000000000000071e+01
9.900000000000000355e+00
-8.000000000000000000e+00
-1.719999999999999929e+01
2.289999999999999858e+01
-8.199999999999999289e+00
-2.039999999999999858e+01
-2.019999999999999929e+01
1.739999999999999858e+01
5.200000000000000178e+00
1.540000000000000036e+01
1.150000000000000000e+01
1.800000000000000044e+00
2.369999999999999929e+01
-6.099999999999999645e+00
2.600000000000000089e+00
1.650000000000000000e+01
5.900000000000000355e+00
1.810000000000000142e+01
3.899999999999999911e+00
1.019999999999999929e+01
-2.269999999999999929e+01
-1.359999999999999964e+01
-1.050000000000000000e+01
-2.100000000000000000e+01
-1.340000000000000036e+01
-1.989999999999999858e+01
-1.109999999999999964e+01
6.799999999999999822e+00
