-2.100000000000000089e+00
1.889999999999999858e+01
-2.339999999999999858e+01
-1.090000000000000036e+01
2.310000000000000142e+01
8.199999999999999289e+00
-1.860000000000000142e+01
-7.599999999999999645e+00
1.900000000000000000e+01
-3.000000000000000000e+00
-2.360000000000000142e+01
1.980000000000000071e+01
-1.850000000000000000e+01
7.099999999999999645e+00
6.000000000000000000e+00
-2.000000000000000000e+00
2.310000000000000142e+01
-1.619999999999999929e+01
5.200000000000000178e+00
-1.930000000000000071e+01
2.330000000000000071e+01
-1.780000000000000071e+01
6.999999999999999556e-01
1.660000000000000142e+01
1.919999999999999929e+01
-2.010000000000000142e+01
1.889999999999999858e+01
1.710000000000000142e+01
-9.199999999999999289e+00
1.280000000000000071e+01
